501, 0.90, 0.756944
502, 0.90, 0.812500
503, 0.90, 0.958333
504, 0.90, 1.076389
505, 0.90, 1.180556
506, 0.90, 1.256944
507, 0.90, 1.312500
508, 0.90, 1.347222
509, 0.90, 1.395833
510, 0.90, 1.423611
511, 0.90, 1.437500
512, 0.90, 1.458333
513, 0.90, 1.479167
514, 0.90, 1.486111
515, 0.90, 1.493056
516, 0.90, 1.506944
517, 0.90, 1.506944
518, 0.90, 1.513889
519, 0.90, 1.520833
520, 0.90, 1.527778
521, 0.90, 1.520833
522, 0.90, 1.527778
523, 0.90, 1.534722
524, 0.90, 1.527778
525, 0.90, 1.527778
526, 0.90, 1.534722
527, 0.90, 1.534722
528, 0.90, 1.534722
529, 0.90, 1.534722
530, 0.90, 1.534722
531, 0.90, 1.534722
532, 0.90, 1.534722
533, 0.90, 1.541667
534, 0.90, 1.534722
535, 0.90, 1.534722
536, 0.90, 1.541667
537, 0.90, 1.534722
538, 0.90, 1.534722
539, 0.90, 1.541667
540, 0.90, 1.534722
541, 0.90, 1.534722
542, 0.90, 1.534722
543, 0.90, 1.541667
544, 0.90, 1.527778
545, 0.90, 1.541667
546, 0.90, 1.534722
547, 0.90, 1.534722
548, 0.90, 1.534722
549, 0.90, 1.541667
550, 0.90, 1.534722
551, 0.90, 1.534722
552, 0.90, 1.534722
553, 0.90, 1.541667
554, 0.90, 1.527778
555, 0.90, 1.541667
556, 0.90, 1.541667
557, 0.90, 1.527778
558, 0.90, 1.541667
559, 0.90, 1.541667
560, 0.90, 1.534722
561, 0.90, 1.534722
562, 0.90, 1.541667
563, 0.90, 1.534722
564, 0.90, 1.527778
565, 0.90, 1.541667
566, 0.90, 1.541667
567, 0.90, 1.527778
568, 0.90, 1.541667
569, 0.90, 1.541667
570, 0.90, 1.534722
571, 0.90, 1.534722
572, 0.90, 1.541667
573, 0.90, 1.534722
574, 0.90, 1.534722
575, 0.90, 1.541667
576, 0.90, 1.534722
577, 0.90, 1.534722
578, 0.90, 1.541667
579, 0.90, 1.534722
580, 0.90, 1.534722
581, 0.90, 1.541667
582, 0.90, 1.541667
583, 0.90, 1.534722
584, 0.90, 1.534722
585, 0.90, 1.541667
586, 0.90, 1.534722
587, 0.90, 1.534722
588, 0.90, 1.541667
589, 0.90, 1.541667
590, 0.90, 1.534722
591, 0.90, 1.541667
592, 0.90, 1.534722
593, 0.90, 1.534722
594, 0.90, 1.534722
595, 0.90, 1.541667
596, 0.90, 1.534722
597, 0.90, 1.541667
598, 0.90, 1.541667
599, 0.90, 1.534722
600, 0.90, 1.534722
601, 0.50, 1.541667
602, 0.50, 1.500000
603, 0.50, 1.430556
604, 0.50, 1.361111
605, 0.50, 1.305556
606, 0.50, 1.256944
607, 0.50, 1.208333
608, 0.50, 1.173611
609, 0.50, 1.131944
610, 0.50, 1.097222
611, 0.50, 1.062500
612, 0.50, 1.041667
613, 0.50, 1.013889
614, 0.50, 0.979167
615, 0.50, 0.958333
616, 0.50, 0.937500
617, 0.50, 0.909722
618, 0.50, 0.902778
619, 0.50, 0.881944
620, 0.50, 0.861111
621, 0.50, 0.847222
622, 0.50, 0.840278
623, 0.50, 0.819444
624, 0.50, 0.819444
625, 0.50, 0.812500
626, 0.50, 0.798611
627, 0.50, 0.791667
628, 0.50, 0.791667
629, 0.50, 0.777778
630, 0.50, 0.784722
631, 0.50, 0.777778
632, 0.50, 0.777778
633, 0.50, 0.770833
634, 0.50, 0.763889
635, 0.50, 0.763889
636, 0.50, 0.770833
637, 0.50, 0.763889
638, 0.50, 0.763889
639, 0.50, 0.763889
640, 0.50, 0.763889
641, 0.50, 0.756944
642, 0.50, 0.756944
643, 0.50, 0.763889
644, 0.50, 0.763889
645, 0.50, 0.763889
646, 0.50, 0.756944
647, 0.50, 0.756944
648, 0.50, 0.756944
649, 0.50, 0.756944
650, 0.50, 0.763889
651, 0.50, 0.756944
652, 0.50, 0.756944
653, 0.50, 0.756944
654, 0.50, 0.756944
655, 0.50, 0.756944
656, 0.50, 0.763889
657, 0.50, 0.756944
658, 0.50, 0.756944
659, 0.50, 0.756944
660, 0.50, 0.756944
661, 0.50, 0.756944
662, 0.50, 0.756944
663, 0.50, 0.763889
664, 0.50, 0.756944
665, 0.50, 0.756944
666, 0.50, 0.756944
667, 0.50, 0.756944
668, 0.50, 0.756944
669, 0.50, 0.756944
670, 0.50, 0.763889
671, 0.50, 0.756944
672, 0.50, 0.756944
673, 0.50, 0.756944
674, 0.50, 0.756944
675, 0.50, 0.756944
676, 0.50, 0.763889
677, 0.50, 0.756944
678, 0.50, 0.756944
679, 0.50, 0.756944
680, 0.50, 0.756944
681, 0.50, 0.756944
682, 0.50, 0.756944
683, 0.50, 0.763889
684, 0.50, 0.756944
685, 0.50, 0.756944
686, 0.50, 0.756944
687, 0.50, 0.756944
688, 0.50, 0.750000
689, 0.50, 0.763889
690, 0.50, 0.756944
691, 0.50, 0.756944
692, 0.50, 0.756944
693, 0.50, 0.756944
694, 0.50, 0.756944
695, 0.50, 0.756944
696, 0.50, 0.756944
697, 0.50, 0.763889
698, 0.50, 0.756944
699, 0.50, 0.756944
700, 0.50, 0.756944
701, 0.90, 0.750000
702, 0.90, 0.812500
703, 0.90, 0.965278
704, 0.90, 1.083333
705, 0.90, 1.173611
706, 0.90, 1.250000
707, 0.90, 1.312500
708, 0.90, 1.361111
709, 0.90, 1.388889
710, 0.90, 1.416667
711, 0.90, 1.444444
712, 0.90, 1.458333
713, 0.90, 1.472222
714, 0.90, 1.493056
715, 0.90, 1.500000
716, 0.90, 1.500000
717, 0.90, 1.506944
718, 0.90, 1.520833
719, 0.90, 1.513889
720, 0.90, 1.520833
721, 0.90, 1.534722
722, 0.90, 1.520833
723, 0.90, 1.527778
724, 0.90, 1.534722
725, 0.90, 1.534722
726, 0.90, 1.527778
727, 0.90, 1.534722
728, 0.90, 1.534722
729, 0.90, 1.534722
730, 0.90, 1.534722
731, 0.90, 1.541667
732, 0.90, 1.534722
733, 0.90, 1.534722
734, 0.90, 1.541667
735, 0.90, 1.534722
736, 0.90, 1.534722
737, 0.90, 1.541667
738, 0.90, 1.541667
739, 0.90, 1.534722
740, 0.90, 1.541667
741, 0.90, 1.534722
742, 0.90, 1.534722
743, 0.90, 1.541667
744, 0.90, 1.541667
745, 0.90, 1.534722
746, 0.90, 1.534722
747, 0.90, 1.541667
748, 0.90, 1.534722
749, 0.90, 1.534722
750, 0.90, 1.541667
751, 0.90, 1.541667
752, 0.90, 1.534722
753, 0.90, 1.534722
754, 0.90, 1.541667
755, 0.90, 1.534722
756, 0.90, 1.541667
757, 0.90, 1.541667
758, 0.90, 1.534722
759, 0.90, 1.534722
760, 0.90, 1.541667
761, 0.90, 1.541667
762, 0.90, 1.534722
763, 0.90, 1.541667
764, 0.90, 1.534722
765, 0.90, 1.534722
766, 0.90, 1.541667
767, 0.90, 1.541667
768, 0.90, 1.534722
769, 0.90, 1.541667
770, 0.90, 1.541667
771, 0.90, 1.534722
772, 0.90, 1.534722
773, 0.90, 1.548611
774, 0.90, 1.534722
775, 0.90, 1.534722
776, 0.90, 1.541667
777, 0.90, 1.534722
778, 0.90, 1.534722
779, 0.90, 1.541667
780, 0.90, 1.541667
781, 0.90, 1.534722
782, 0.90, 1.534722
783, 0.90, 1.541667
784, 0.90, 1.534722
785, 0.90, 1.534722
786, 0.90, 1.541667
787, 0.90, 1.541667
788, 0.90, 1.534722
789, 0.90, 1.541667
790, 0.90, 1.534722
791, 0.90, 1.534722
792, 0.90, 1.541667
793, 0.90, 1.541667
794, 0.90, 1.534722
795, 0.90, 1.534722
796, 0.90, 1.541667
797, 0.90, 1.534722
798, 0.90, 1.534722
799, 0.90, 1.541667
800, 0.90, 1.534722
801, 0.50, 1.534722
802, 0.50, 1.506944
803, 0.50, 1.423611
804, 0.50, 1.361111
805, 0.50, 1.298611
806, 0.50, 1.256944
807, 0.50, 1.208333
808, 0.50, 1.166667
809, 0.50, 1.131944
810, 0.50, 1.104167
811, 0.50, 1.069444
812, 0.50, 1.034722
813, 0.50, 1.006944
814, 0.50, 0.979167
815, 0.50, 0.965278
816, 0.50, 0.937500
817, 0.50, 0.909722
818, 0.50, 0.895833
819, 0.50, 0.875000
820, 0.50, 0.868056
821, 0.50, 0.854167
822, 0.50, 0.833333
823, 0.50, 0.826389
824, 0.50, 0.812500
825, 0.50, 0.805556
826, 0.50, 0.798611
827, 0.50, 0.798611
828, 0.50, 0.784722
829, 0.50, 0.784722
830, 0.50, 0.777778
831, 0.50, 0.770833
832, 0.50, 0.770833
833, 0.50, 0.777778
834, 0.50, 0.763889
835, 0.50, 0.770833
836, 0.50, 0.763889
837, 0.50, 0.756944
838, 0.50, 0.763889
839, 0.50, 0.763889
840, 0.50, 0.763889
841, 0.50, 0.756944
842, 0.50, 0.756944
843, 0.50, 0.763889
844, 0.50, 0.756944
845, 0.50, 0.756944
846, 0.50, 0.763889
847, 0.50, 0.756944
848, 0.50, 0.756944
849, 0.50, 0.756944
850, 0.50, 0.756944
851, 0.50, 0.756944
852, 0.50, 0.763889
853, 0.50, 0.756944
854, 0.50, 0.756944
855, 0.50, 0.756944
856, 0.50, 0.756944
857, 0.50, 0.756944
858, 0.50, 0.756944
859, 0.50, 0.763889
860, 0.50, 0.756944
861, 0.50, 0.756944
862, 0.50, 0.756944
863, 0.50, 0.756944
864, 0.50, 0.756944
865, 0.50, 0.763889
866, 0.50, 0.756944
867, 0.50, 0.763889
868, 0.50, 0.750000
869, 0.50, 0.763889
870, 0.50, 0.750000
871, 0.50, 0.756944
872, 0.50, 0.763889
873, 0.50, 0.763889
874, 0.50, 0.756944
875, 0.50, 0.756944
876, 0.50, 0.756944
877, 0.50, 0.756944
878, 0.50, 0.756944
879, 0.50, 0.763889
880, 0.50, 0.756944
881, 0.50, 0.756944
882, 0.50, 0.756944
883, 0.50, 0.756944
884, 0.50, 0.756944
885, 0.50, 0.763889
886, 0.50, 0.756944
887, 0.50, 0.756944
888, 0.50, 0.756944
889, 0.50, 0.756944
890, 0.50, 0.756944
891, 0.50, 0.756944
892, 0.50, 0.763889
893, 0.50, 0.756944
894, 0.50, 0.756944
895, 0.50, 0.756944
896, 0.50, 0.756944
897, 0.50, 0.756944
898, 0.50, 0.756944
899, 0.50, 0.763889
900, 0.50, 0.756944
