501, 0.90, 0.756944
502, 0.90, 0.812500
503, 0.90, 0.958333
504, 0.90, 1.083333
505, 0.90, 1.180556
506, 0.90, 1.256944
507, 0.90, 1.305556
508, 0.90, 1.361111
509, 0.90, 1.395833
510, 0.90, 1.416667
511, 0.90, 1.444444
512, 0.90, 1.465278
513, 0.90, 1.479167
514, 0.90, 1.486111
515, 0.90, 1.500000
516, 0.90, 1.506944
517, 0.90, 1.513889
518, 0.90, 1.513889
519, 0.90, 1.527778
520, 0.90, 1.520833
521, 0.90, 1.527778
522, 0.90, 1.534722
523, 0.90, 1.527778
524, 0.90, 1.534722
525, 0.90, 1.534722
526, 0.90, 1.534722
527, 0.90, 1.534722
528, 0.90, 1.541667
529, 0.90, 1.534722
530, 0.90, 1.534722
531, 0.90, 1.541667
532, 0.90, 1.541667
533, 0.90, 1.541667
534, 0.90, 1.534722
535, 0.90, 1.548611
536, 0.90, 1.534722
537, 0.90, 1.534722
538, 0.90, 1.548611
539, 0.90, 1.541667
540, 0.90, 1.534722
541, 0.90, 1.541667
542, 0.90, 1.541667
543, 0.90, 1.534722
544, 0.90, 1.541667
545, 0.90, 1.541667
546, 0.90, 1.541667
547, 0.90, 1.534722
548, 0.90, 1.548611
549, 0.90, 1.534722
550, 0.90, 1.534722
551, 0.90, 1.548611
552, 0.90, 1.534722
553, 0.90, 1.541667
554, 0.90, 1.541667
555, 0.90, 1.541667
556, 0.90, 1.534722
557, 0.90, 1.541667
558, 0.90, 1.541667
559, 0.90, 1.541667
560, 0.90, 1.534722
561, 0.90, 1.548611
562, 0.90, 1.541667
563, 0.90, 1.534722
564, 0.90, 1.541667
565, 0.90, 1.541667
566, 0.90, 1.541667
567, 0.90, 1.541667
568, 0.90, 1.541667
569, 0.90, 1.534722
570, 0.90, 1.541667
571, 0.90, 1.541667
572, 0.90, 1.541667
573, 0.90, 1.541667
574, 0.90, 1.541667
575, 0.90, 1.541667
576, 0.90, 1.534722
577, 0.90, 1.548611
578, 0.90, 1.534722
579, 0.90, 1.541667
580, 0.90, 1.541667
581, 0.90, 1.541667
582, 0.90, 1.541667
583, 0.90, 1.541667
584, 0.90, 1.541667
585, 0.90, 1.541667
586, 0.90, 1.541667
587, 0.90, 1.541667
588, 0.90, 1.541667
589, 0.90, 1.534722
590, 0.90, 1.548611
591, 0.90, 1.541667
592, 0.90, 1.534722
593, 0.90, 1.548611
594, 0.90, 1.541667
595, 0.90, 1.541667
596, 0.90, 1.541667
597, 0.90, 1.541667
598, 0.90, 1.541667
599, 0.90, 1.541667
600, 0.90, 1.548611
601, 0.50, 1.541667
602, 0.50, 1.506944
603, 0.50, 1.437500
604, 0.50, 1.368056
605, 0.50, 1.305556
606, 0.50, 1.256944
607, 0.50, 1.222222
608, 0.50, 1.173611
609, 0.50, 1.138889
610, 0.50, 1.097222
611, 0.50, 1.076389
612, 0.50, 1.048611
613, 0.50, 1.013889
614, 0.50, 0.986111
615, 0.50, 0.958333
616, 0.50, 0.944444
617, 0.50, 0.923611
618, 0.50, 0.902778
619, 0.50, 0.881944
620, 0.50, 0.868056
621, 0.50, 0.854167
622, 0.50, 0.840278
623, 0.50, 0.833333
624, 0.50, 0.819444
625, 0.50, 0.805556
626, 0.50, 0.805556
627, 0.50, 0.791667
628, 0.50, 0.798611
629, 0.50, 0.784722
630, 0.50, 0.777778
631, 0.50, 0.777778
632, 0.50, 0.777778
633, 0.50, 0.770833
634, 0.50, 0.770833
635, 0.50, 0.770833
636, 0.50, 0.770833
637, 0.50, 0.763889
638, 0.50, 0.763889
639, 0.50, 0.756944
640, 0.50, 0.763889
641, 0.50, 0.770833
642, 0.50, 0.763889
643, 0.50, 0.756944
644, 0.50, 0.763889
645, 0.50, 0.756944
646, 0.50, 0.756944
647, 0.50, 0.763889
648, 0.50, 0.763889
649, 0.50, 0.763889
650, 0.50, 0.756944
651, 0.50, 0.756944
652, 0.50, 0.756944
653, 0.50, 0.763889
654, 0.50, 0.763889
655, 0.50, 0.756944
656, 0.50, 0.756944
657, 0.50, 0.763889
658, 0.50, 0.756944
659, 0.50, 0.756944
660, 0.50, 0.763889
661, 0.50, 0.763889
662, 0.50, 0.756944
663, 0.50, 0.756944
664, 0.50, 0.763889
665, 0.50, 0.756944
666, 0.50, 0.756944
667, 0.50, 0.763889
668, 0.50, 0.763889
669, 0.50, 0.756944
670, 0.50, 0.756944
671, 0.50, 0.756944
672, 0.50, 0.756944
673, 0.50, 0.763889
674, 0.50, 0.763889
675, 0.50, 0.756944
676, 0.50, 0.756944
677, 0.50, 0.756944
678, 0.50, 0.756944
679, 0.50, 0.763889
680, 0.50, 0.756944
681, 0.50, 0.763889
682, 0.50, 0.756944
683, 0.50, 0.763889
684, 0.50, 0.756944
685, 0.50, 0.756944
686, 0.50, 0.756944
687, 0.50, 0.763889
688, 0.50, 0.763889
689, 0.50, 0.756944
690, 0.50, 0.756944
691, 0.50, 0.756944
692, 0.50, 0.763889
693, 0.50, 0.756944
694, 0.50, 0.763889
695, 0.50, 0.763889
696, 0.50, 0.756944
697, 0.50, 0.756944
698, 0.50, 0.756944
699, 0.50, 0.756944
700, 0.50, 0.763889
701, 0.90, 0.763889
702, 0.90, 0.812500
703, 0.90, 0.958333
704, 0.90, 1.083333
705, 0.90, 1.180556
706, 0.90, 1.256944
707, 0.90, 1.312500
708, 0.90, 1.354167
709, 0.90, 1.395833
710, 0.90, 1.423611
711, 0.90, 1.444444
712, 0.90, 1.465278
713, 0.90, 1.479167
714, 0.90, 1.493056
715, 0.90, 1.493056
716, 0.90, 1.513889
717, 0.90, 1.513889
718, 0.90, 1.513889
719, 0.90, 1.527778
720, 0.90, 1.527778
721, 0.90, 1.520833
722, 0.90, 1.534722
723, 0.90, 1.534722
724, 0.90, 1.527778
725, 0.90, 1.534722
726, 0.90, 1.541667
727, 0.90, 1.534722
728, 0.90, 1.534722
729, 0.90, 1.541667
730, 0.90, 1.541667
731, 0.90, 1.534722
732, 0.90, 1.541667
733, 0.90, 1.541667
734, 0.90, 1.541667
735, 0.90, 1.534722
736, 0.90, 1.548611
737, 0.90, 1.534722
738, 0.90, 1.541667
739, 0.90, 1.548611
740, 0.90, 1.534722
741, 0.90, 1.541667
742, 0.90, 1.541667
743, 0.90, 1.541667
744, 0.90, 1.534722
745, 0.90, 1.548611
746, 0.90, 1.541667
747, 0.90, 1.534722
748, 0.90, 1.541667
749, 0.90, 1.548611
750, 0.90, 1.534722
751, 0.90, 1.541667
752, 0.90, 1.541667
753, 0.90, 1.541667
754, 0.90, 1.534722
755, 0.90, 1.548611
756, 0.90, 1.541667
757, 0.90, 1.534722
758, 0.90, 1.541667
759, 0.90, 1.541667
760, 0.90, 1.541667
761, 0.90, 1.541667
762, 0.90, 1.541667
763, 0.90, 1.541667
764, 0.90, 1.534722
765, 0.90, 1.548611
766, 0.90, 1.534722
767, 0.90, 1.541667
768, 0.90, 1.541667
769, 0.90, 1.541667
770, 0.90, 1.541667
771, 0.90, 1.541667
772, 0.90, 1.541667
773, 0.90, 1.534722
774, 0.90, 1.541667
775, 0.90, 1.548611
776, 0.90, 1.534722
777, 0.90, 1.541667
778, 0.90, 1.541667
779, 0.90, 1.541667
780, 0.90, 1.534722
781, 0.90, 1.548611
782, 0.90, 1.541667
783, 0.90, 1.534722
784, 0.90, 1.541667
785, 0.90, 1.548611
786, 0.90, 1.534722
787, 0.90, 1.541667
788, 0.90, 1.548611
789, 0.90, 1.534722
790, 0.90, 1.541667
791, 0.90, 1.548611
792, 0.90, 1.534722
793, 0.90, 1.534722
794, 0.90, 1.541667
795, 0.90, 1.541667
796, 0.90, 1.541667
797, 0.90, 1.541667
798, 0.90, 1.541667
799, 0.90, 1.541667
800, 0.90, 1.541667
801, 0.50, 1.541667
802, 0.50, 1.506944
803, 0.50, 1.423611
804, 0.50, 1.375000
805, 0.50, 1.305556
806, 0.50, 1.250000
807, 0.50, 1.215278
808, 0.50, 1.173611
809, 0.50, 1.138889
810, 0.50, 1.097222
811, 0.50, 1.069444
812, 0.50, 1.041667
813, 0.50, 1.013889
814, 0.50, 0.986111
815, 0.50, 0.958333
816, 0.50, 0.937500
817, 0.50, 0.916667
818, 0.50, 0.902778
819, 0.50, 0.881944
820, 0.50, 0.868056
821, 0.50, 0.847222
822, 0.50, 0.840278
823, 0.50, 0.826389
824, 0.50, 0.826389
825, 0.50, 0.805556
826, 0.50, 0.798611
827, 0.50, 0.798611
828, 0.50, 0.784722
829, 0.50, 0.791667
830, 0.50, 0.784722
831, 0.50, 0.777778
832, 0.50, 0.770833
833, 0.50, 0.770833
834, 0.50, 0.770833
835, 0.50, 0.770833
836, 0.50, 0.770833
837, 0.50, 0.763889
838, 0.50, 0.763889
839, 0.50, 0.763889
840, 0.50, 0.763889
841, 0.50, 0.763889
842, 0.50, 0.763889
843, 0.50, 0.763889
844, 0.50, 0.763889
845, 0.50, 0.756944
846, 0.50, 0.763889
847, 0.50, 0.756944
848, 0.50, 0.756944
849, 0.50, 0.763889
850, 0.50, 0.763889
851, 0.50, 0.763889
852, 0.50, 0.756944
853, 0.50, 0.763889
854, 0.50, 0.756944
855, 0.50, 0.756944
856, 0.50, 0.770833
857, 0.50, 0.756944
858, 0.50, 0.756944
859, 0.50, 0.763889
860, 0.50, 0.756944
861, 0.50, 0.756944
862, 0.50, 0.763889
863, 0.50, 0.763889
864, 0.50, 0.756944
865, 0.50, 0.763889
866, 0.50, 0.756944
867, 0.50, 0.756944
868, 0.50, 0.763889
869, 0.50, 0.763889
870, 0.50, 0.756944
871, 0.50, 0.756944
872, 0.50, 0.763889
873, 0.50, 0.756944
874, 0.50, 0.756944
875, 0.50, 0.763889
876, 0.50, 0.763889
877, 0.50, 0.756944
878, 0.50, 0.756944
879, 0.50, 0.763889
880, 0.50, 0.756944
881, 0.50, 0.756944
882, 0.50, 0.763889
883, 0.50, 0.763889
884, 0.50, 0.756944
885, 0.50, 0.756944
886, 0.50, 0.756944
887, 0.50, 0.756944
888, 0.50, 0.763889
889, 0.50, 0.763889
890, 0.50, 0.756944
891, 0.50, 0.756944
892, 0.50, 0.763889
893, 0.50, 0.756944
894, 0.50, 0.756944
895, 0.50, 0.763889
896, 0.50, 0.763889
897, 0.50, 0.756944
898, 0.50, 0.756944
899, 0.50, 0.763889
900, 0.50, 0.756944
